face 118 109 151 151
face 87 103 146 146
face 70 114 174 174
face 72 117 174 174
face 66 121 167 167
face 71 131 176 176
face 73 132 177 177
face 77 140 191 191
face 79 134 186 186
face 79 134 185 185
face 79 133 182 182
face 74 130 177 177
face 68 132 182 182
face 67 128 187 187
face 59 124 179 179
face 60 128 184 184
face 58 130 187 187
face 57 127 182 182
face 57 129 184 184
face 56 124 177 177
face 41 123 169 169
face 39 120 167 167
face 57 125 177 177
face 51 122 165 165
face 36 132 179 179
hand 182 -92 68 68 left
face 34 131 174 174
hand -230 -64 63 63 right
hand 112 194 63 63 left
hand 122 166 71 71 left
hand 108 195 55 55 left
hand -136 28 71 71 right
hand 177 50 79 79 left
hand -193 17 82 82 right
face 85 94 153 153
hand 224 122 55 55 left
hand 233 90 69 69 left
face 87 90 147 147
face 78 102 146 146
face 80 128 164 164
face 82 131 169 169
face 91 132 178 178
face 94 139 184 184
face 99 139 181 181
face 107 138 181 181
face 102 135 176 176
face 108 143 190 190
face 108 145 185 185
face 104 143 174 174
face 102 144 176 176
face 101 150 181 181
face 102 148 181 181
face 105 153 181 181
face 137 147 186 186
face 138 151 190 190
face 138 155 196 196
